netcdf output {
dimensions:
	x = 10 ;
	y = 10 ;
	time = UNLIMITED ; // (1 currently)
variables:
	float x(x) ;
	float y(y) ;
	float time(time) ;
	float height(time, y, x) ;
	float momentum_x(time, y, x) ;
	float momentum_y(time, y, x) ;
	float bathymetry(y, x) ;
data:

 x = -4500, -3500, -2500, -1500, -500, 500, 1500, 2500, 3500, 4500 ;

 y = -4500, -3500, -2500, -1500, -500, 500, 1500, 2500, 3500, 4500 ;

 time = 1 ;

 height =
  100, 100, 100, 100, 100, 100, 100, 100, 100, 100,
  100, 100, 100, 100, 100, 100, 100, 100, 100, 100,
  100, 100, 100, 100, 100, 100, 100, 100, 100, 100,
  100, 100, 100, 100, 100, 100, 100, 100, 100, 100,
  100, 100, 100, 100, 100, 100, 100, 100, 100, 100,
  100, 100, 100, 100, 100, 100, 100, 100, 100, 100,
  100, 100, 100, 100, 100, 100, 100, 100, 100, 100,
  100, 100, 100, 100, 100, 100, 100, 100, 100, 100,
  100, 100, 100, 100, 100, 100, 100, 100, 100, 100,
  100, 100, 100, 100, 100, 100, 100, 100, 100, 100 ;

 momentum_x =
  0, 0, 0, 0, 0, 0, 0, 0, 0, 0,
  0, 0, 0, 0, 0, 0, 0, 0, 0, 0,
  0, 0, 0, 0, 0, 0, 0, 0, 0, 0,
  0, 0, 0, 0, 0, 0, 0, 0, 0, 0,
  0, 0, 0, 0, 0, 0, 0, 0, 0, 0,
  0, 0, 0, 0, 0, 0, 0, 0, 0, 0,
  0, 0, 0, 0, 0, 0, 0, 0, 0, 0,
  0, 0, 0, 0, 0, 0, 0, 0, 0, 0,
  0, 0, 0, 0, 0, 0, 0, 0, 0, 0,
  0, 0, 0, 0, 0, 0, 0, 0, 0, 0 ;

 momentum_y =
  0, 0, 0, 0, 0, 0, 0, 0, 0, 0,
  0, 0, 0, 0, 0, 0, 0, 0, 0, 0,
  0, 0, 0, 0, 0, 0, 0, 0, 0, 0,
  0, 0, 0, 0, 0, 0, 0, 0, 0, 0,
  0, 0, 0, 0, 0, 0, 0, 0, 0, 0,
  0, 0, 0, 0, 0, 0, 0, 0, 0, 0,
  0, 0, 0, 0, 0, 0, 0, 0, 0, 0,
  0, 0, 0, 0, 0, 0, 0, 0, 0, 0,
  0, 0, 0, 0, 0, 0, 0, 0, 0, 0,
  0, 0, 0, 0, 0, 0, 0, 0, 0, 0 ;

 bathymetry =
  -100, -100, -100, -100, -100, -100, -100, -100, -100, -100,
  -100, -100, -100, -100, -100, -100, -100, -100, -100, -100,
  -100, -100, -100, -100, -100, -100, -100, -100, -100, -100,
  -100, -100, -100, -100, -100, -100, -100, -100, -100, -100,
  -100, -100, -100, -100, -100, -100, -100, -100, -100, -100,
  -100, -100, -100, -100, -100, -100, -100, -100, -100, -100,
  -100, -100, -100, -100, -100, -100, -100, -100, -100, -100,
  -100, -100, -100, -100, -100, -100, -100, -100, -100, -100,
  -100, -100, -100, -100, -100, -100, -100, -100, -100, -100,
  -100, -100, -100, -100, -100, -100, -100, -100, -100, -100 ;
}
